11
10 10
14256 12532 38822 77591 24649 25447 40578 42576 36199 2967
17 11
72496 51970 7594 44591 25571 260 55850 29228 16957 45853 96442
4 12
16808 14116 3437 7431 39112 88055 7521 84490 24927 75782 50423 89089
0 13
30723 70546 6990 4346 45948 82022 1599 91997 96767 45608 94356 88544 94192
3 13
43193 1441 28715 19769 92770 73436 68679 75988 4982 93556 54205 49233 6008
6 15
27899 1006 8469 27549 46 40065 76032 2535 7756 76192 52588 32000 92011 78614 47182
5 16
69906 85820 32713 34776 41431 62891 83777 31929 86009 14459 98759 47081 70553 30091 90613 48874
63 16
57221 77140 92940 25965 28879 34920 16242 93113 45240 30165 21716 63248 88126 33416 25008 23223
2 18
59105 81874 95109 9041 70856 29805 86566 2833 88815 70281 99122 85500 81548 11192 96619 7100 35387 16023
1 19
50324 13706 88985 75323 4989 54693 43193 64718 4770 51943 32904 22277 89494 30294 26185 57868 94334 36109 81515
7 19
70688 37266 27984 21142 50744 84296 63360 12603 37050 87022 32082 79184 71696 47086 37092 95812 90821 22656 40419